1 0 0 300000 0 0
2 1824339 423 313990 26 2798
3 4945539 1218 336980 49 7396
4 6940168 3270 373870 55 14774
5 9918223 4406 393660 61 18732
6 19291472 6273 422090 61 0
7 32731608 7533 495920 183 14042
8 36027911 8453 510540 191 16966
9 39049302 9311 525710 199 19999
10 41420294 9896 542870 212 23431
11 46758013 10509 559750 226 26807
12 56825633 10783 569880 226 0
13 77905788 11236 647070 376 15438
14 99006669 12430 691850 491 24394
15 99629064 12516 700420 491 26107
16 109268325 13111 719740 521 29866
17 113813509 16632 779750 521 41868
18 123519843 17342 792480 551 44413
19 140013631 17702 804640 551 0
20 174173882 18261 855530 731 9549
21 180723410 18686 871690 746 12056
22 209222964 19028 910540 867 19825
23 215815987 19369 927820 882 23282
24 216729531 19472 934830 887 24683
25 228792809 20282 956830 910 29084
26 243459171 20363 964460 910 0
27 296603715 21693 1042510 1113 14883
28 307614027 23212 1065480 1128 19477
29 317999570 24768 1087940 1143 23970
30 319506326 24951 1098720 1143 26126
31 335898605 26276 1128410 1173 32063
32 352965942 26367 1139560 1173 0
33 443294391 27374 1182560 1529 8599
34 454569864 27551 1206770 1544 13441
35 465421049 28139 1224290 1559 16945
36 477904117 28979 1249910 1574 22070
37 490475244 30281 1276090 1589 27305
38 496954064 30713 1283810 1604 28850
39 521833606 35268 1361280 1619 44343
40 525400790 35673 1370610 1619 46209
41 532106098 35983 1378250 1619 47738
42 542344323 36688 1386990 1619 49485
43 552402752 39241 1424740 1619 57035
